 t=1:3:1

t =

     1

a3=(t+3)

a3 =

     4

plot(a3)
x=0:1:0.5:0

x =

     0

y=0:0:0.5:0

y =

  1×0 empty double row vector

x=[0:1:0.5:0]

x =

     0

x=[0 1 0.5 0];
y=[0 0 0.5 0];
plot(x,y)
